1630331850610.7668 0
1630331850517.5054 0
1630331850310.0696 0
1630331850243.043 0
1630331850207.6052 0
1630331850204.7878 3
1630331850043.214 3
1630331849983.9258 0
1630331849958.3635 3
1630331849638.6375 0
1630331849518.1006 0
1630331849508.2039 0
1630331849321.1743 3
1630331849314.3335 0
1630331849123.9858 3
1630331849023.226 0
1630331848991.282 3
1630331848924.2224 0
1630331848913.387 3
1630331848890.3303 0
1630331848857.6687 0
1630331848790.4136 0
1630331848706.35 3
1630331848671.6338 3
1630331848287.6099 3
1630331848134.046 3
1630331847944.6804 2
1630331847911.799 2
1630331847878.455 2
1630266580706.1458 3
1630266580649.3481 3
1630266579952.1763 0
1630266579858.6453 0
1630266579826.39 3
1630266579764.607 3
1630266579595.4084 3
1630266579443.0344 3
1630266579094.9678 3
1630266578926.7363 3
1630266578799.8076 3
1630266578757.674 3
1630266578606.0596 0
1630266578501.1313 3
1630266578383.0168 3
1630266578144.259 1
1630266578112.846 0
1630266578040.1152 0
1630266545946.8486 3
1630266545891.5803 3
1630266545631.21 0
1630266545247.1719 3
1630266544797.5474 3
1630266544537.1416 3
1630266543852.5752 3
1630266543752.1145 3
1630266543639.5652 3
1630266543362.604 0
1630265572334.5688 1
1630265572042.8572 1
1630265572011.938 1
1630265571702.5303 1
1630265571550.513 1
1630265571381.547 1
1630265571254.683 1
1630265571157.4275 1
1630265570233.8289 1
1630265570231.0662 1
1630265491150.5498 1
1630265490439.0823 1
1630265490300.2258 1
1630265490248.9927 1
1630265490168.4243 1
1630265489362.344 1
1630265489234.2708 1
1630265488805.5251 1
1630265488565.2385 1
1629995187915.9573 2
1629995187815.7122 2
1629995187615.4175 2
1629995187066.193 2
1629995186848.0613 0
1629995186726.3267 1
1629995186589.3872 2
1629995185934.3577 2
1629995185482.6248 2
1629995185443.379 2
1629995185342.7173 2
1629995185181.9583 2
1629995185107.5237 2
1629995185077.385 2
1629995184893.1013 2
1629995184760.2334 2
1629995184384.5889 2
1629995184078.1284 2
1629995183711.4978 0
1629995169550.057 2
1629995169380.2976 2
1629995169346.5337 2
1629995168548.9626 2
1629995167810.1482 2
1629995167736.4229 2
1629994450875.2937 0
1629994449976.593 0
1629994447339.105 0
1629994445272.953 0
1629994441640.1724 0
1629994440890.1348 0
1629994440174.4194 0
1629994433136.2615 0
1629994430361.4817 0
1629994427944.3005 0
1629993858101.3489 0
1629993856046.4402 2
1629993855599.6125 0
1629993852388.8708 0
1629993852247.9229 2
1629993848405.7026 2
1629993844508.219 2
1629993833393.1218 1
1629993223419.9595 0
1629993220876.4492 0
1629993220679.1958 0
1629993218985.7368 0
1629993218742.856 2
1629993215635.769 2
1629993213233.3208 0
1629993211947.3523 0
1629993210852.466 0
1629993209853.0796 0
1629992227448.3643 0
1629992227381.6804 0
1629992227069.9194 0
1629992224302.0889 0
1629992223535.346 0
1629992222952.7935 2
1629992216401.5254 0
1629992212901.5571 0
1629992210188.841 0
1629992203718.7747 0
1629990849391.2332 0
1629990847028.287 0
1629990843827.3416 0
1629990842292.4624 0
1629990840965.495 0
1629990835022.5288 0
1629990833779.4053 0
1629990831509.5532 0
1629990830747.1863 0
1629990826469.7803 0
